
================================
      GRADE BREAKDOWN LAB4      
================================
---------Student Parameters-----
CruzID: bxvu
StudentID: 1851147
Background color: 108
Line color: 147
Left top corner: (1, 8)
Right bottom corner:(24, 27)

Solution part3: 
108 108 108 108 108 108 108 108 108 108 108 108 108 108 108 108 108 108 108 108 108 108 108 108 108 108 108 108 108 108 108 108
108 108 108 108 108 108 108 108 108 108 108 108 108 108 108 108 108 108 108 108 108 108 108 108 108 108 108 108 108 108 108 108
108 108 108 108 108 108 108 108 108 108 108 108 108 108 108 108 108 108 108 108 108 108 108 108 108 108 108 108 108 108 108 108
108 108 108 108 108 108 108 108 108 108 108 108 108 108 108 108 108 108 108 108 108 108 108 108 108 108 108 108 108 108 108 108
108 108 108 108 108 108 108 108 108 108 108 108 108 108 108 108 108 108 108 108 108 108 108 108 108 108 108 108 108 108 108 108
108 108 108 108 108 108 108 108 108 108 108 108 108 108 108 108 108 108 108 108 108 108 108 108 108 108 108 108 108 108 108 108
108 108 108 108 108 108 108 108 108 108 108 108 108 108 108 108 108 108 108 108 108 108 108 108 108 108 108 108 108 108 108 108
108 108 108 108 108 108 108 108 108 108 108 108 108 108 108 108 108 108 108 108 108 108 108 108 108 108 108 108 108 108 108 108
108 147 147 147 147 147 147 147 147 147 147 147 147 147 147 147 147 147 147 147 147 147 147 147 147 108 108 108 108 108 108 108
108 147 108 108 108 108 108 108 108 108 108 108 108 108 108 108 108 108 108 108 108 108 108 108 147 108 108 108 108 108 108 108
108 147 108 108 108 108 108 108 108 108 108 108 108 108 108 108 108 108 108 108 108 108 108 108 147 108 108 108 108 108 108 108
108 147 108 108 108 108 108 108 108 108 108 108 108 108 108 108 108 108 108 108 108 108 108 108 147 108 108 108 108 108 108 108
108 147 108 108 108 108 108 108 108 108 108 108 108 108 108 108 108 108 108 108 108 108 108 108 147 108 108 108 108 108 108 108
108 147 108 108 108 108 108 108 108 108 108 108 108 108 108 108 108 108 108 108 108 108 108 108 147 108 108 108 108 108 108 108
108 147 108 108 108 108 108 108 108 108 108 108 108 108 108 108 108 108 108 108 108 108 108 108 147 108 108 108 108 108 108 108
108 147 108 108 108 108 108 108 108 108 108 108 108 108 108 108 108 108 108 108 108 108 108 108 147 108 108 108 108 108 108 108
108 147 108 108 108 108 108 108 108 108 108 108 108 108 108 108 108 108 108 108 108 108 108 108 147 108 108 108 108 108 108 108
108 147 108 108 108 108 108 108 108 108 108 108 108 108 108 108 108 108 108 108 108 108 108 108 147 108 108 108 108 108 108 108
108 147 108 108 108 108 108 108 108 108 108 108 108 108 108 108 108 108 108 108 108 108 108 108 147 108 108 108 108 108 108 108
108 147 108 108 108 108 108 108 108 108 108 108 108 108 108 108 108 108 108 108 108 108 108 108 147 108 108 108 108 108 108 108
108 147 108 108 108 108 108 108 108 108 108 108 108 108 108 108 108 108 108 108 108 108 108 108 147 108 108 108 108 108 108 108
108 147 108 108 108 108 108 108 108 108 108 108 108 108 108 108 108 108 108 108 108 108 108 108 147 108 108 108 108 108 108 108
108 147 108 108 108 108 108 108 108 108 108 108 108 108 108 108 108 108 108 108 108 108 108 108 147 108 108 108 108 108 108 108
108 147 108 108 108 108 108 108 108 108 108 108 108 108 108 108 108 108 108 108 108 108 108 108 147 108 108 108 108 108 108 108
108 147 108 108 108 108 108 108 108 108 108 108 108 108 108 108 108 108 108 108 108 108 108 108 147 108 108 108 108 108 108 108
108 147 108 108 108 108 108 108 108 108 108 108 108 108 108 108 108 108 108 108 108 108 108 108 147 108 108 108 108 108 108 108
108 147 108 108 108 108 108 108 108 108 108 108 108 108 108 108 108 108 108 108 108 108 108 108 147 108 108 108 108 108 108 108
108 147 147 147 147 147 147 147 147 147 147 147 147 147 147 147 147 147 147 147 147 147 147 147 147 108 108 108 108 108 108 108
108 108 108 108 108 108 108 108 108 108 108 108 108 108 108 108 108 108 108 108 108 108 108 108 108 108 108 108 108 108 108 108
108 108 108 108 108 108 108 108 108 108 108 108 108 108 108 108 108 108 108 108 108 108 108 108 108 108 108 108 108 108 108 108
108 108 108 108 108 108 108 108 108 108 108 108 108 108 108 108 108 108 108 108 108 108 108 108 108 108 108 108 108 108 108 108
108 108 108 108 108 108 108 108 108 108 108 108 108 108 108 108 108 108 108 108 108 108 108 108 108 108 108 108 108 108 108 108


================================
---------Part1 (40 pts)-------
---------Part1-a (20 pts)-------
Part1-a: The output of the compiled assembly file matches the output of the submited .hex. (Full points +20)
Part1-a: The output of the compiled assembly file matches the output of the submited .hex. (Full points +20)

---------Part1-b (20 pts)-------
Part1-b: The submitted .hex file produces correct the correct output for the Student ID parameters. (Full points +20)


================================
---------Part2 (40 pts)-------

---------Part2-a (20 pts)-------
Part2-a: The output of the compiled assembly file matches the output of the submited .hex. (Full points +20)

---------Part2-b (20 pts)-------
Part2-b: The submitted .hex file produces correct the correct output for the Student ID parameters. (Full points +20)


================================
---------Part3 (20 pts)-------

---------Part3-a (10 pts)-------
Part3-a: The output of the compiled C code matches the output of the submited .hex. (Full points +10)

---------Part3-b (10 pts)-------
Part3-b: The submitted .hex file produces correct the correct output for the Student ID parameters. (Full points +10)


================================
--------------TOTAL-------------
100